5.088282e+04
2.685405e+03
3.204594e+02
2.573424e+01
1.317070e+00
1.851518e-01
1.423517e-02
1.349882e-03
1.140946e-04
9.115482e-06
8.052591e-07
5.870418e-08
5.144303e-09
4.044761e-10
3.825498e-11
2.023909e-12
2.280931e-13
1.780864e-14
1.720516e-15
1.716000e-16
1.480108e-17
1.650409e-18
7.590553e-20
9.345076e-21
7.068840e-22
4.906659e-23
5.222714e-24
3.329615e-25
3.366825e-26
2.865864e-27
2.585513e-28
5.210171e+04
3.000905e+03
2.560431e+02
2.524084e+01
2.019044e+00
1.906943e-01
1.906059e-02
1.726286e-03
1.325722e-04
1.270022e-05
9.243159e-07
8.603735e-08
5.907300e-09
4.866364e-10
2.932542e-11
3.383993e-12
2.414534e-13
2.055925e-14
1.866981e-15
1.194878e-16
1.098840e-17
8.793725e-19
9.947279e-20
8.413970e-21
6.550706e-22
5.303294e-23
3.310481e-24
2.800986e-25
1.209036e-26
2.558988e-27
1.774828e-28
5.726619e+04
3.129295e+03
3.241647e+02
2.600959e+01
2.371142e+00
1.694664e-01
1.425021e-02
9.237944e-04
8.330192e-05
6.269088e-06
5.889211e-07
3.902368e-08
4.375092e-09
3.492881e-10
1.942329e-11
2.346775e-12
1.817480e-13
9.600956e-15
9.572978e-16
9.208075e-17
7.797091e-18
6.144249e-19
5.117887e-20
4.022561e-21
4.244167e-22
3.786728e-23
2.844158e-24
2.846423e-25
1.888789e-26
2.325219e-27
1.883589e-28
5.385307e+04
3.546450e+03
2.411309e+02
2.033850e+01
2.098055e+00
1.319722e-01
1.435653e-02
1.123476e-03
8.523204e-05
5.404803e-06
4.858524e-07
4.318905e-08
2.592489e-09
2.403873e-10
2.310330e-11
1.433126e-12
1.489651e-13
1.355344e-14
1.158452e-15
8.303787e-17
7.609131e-18
4.653287e-19
5.100329e-20
3.048523e-21
2.451959e-22
1.922126e-23
1.455597e-24
1.434671e-25
1.114288e-26
1.105183e-27
1.125063e-28
5.656254e+04
2.831564e+03
2.362153e+02
1.653843e+01
1.922852e+00
1.458237e-01
9.430167e-03
1.118928e-03
8.651783e-05
7.296766e-06
5.802268e-07
4.234857e-08
3.881327e-09
3.577788e-10
2.787799e-11
2.062098e-12
2.093972e-13
1.432655e-14
1.655994e-15
1.057565e-16
1.170366e-17
8.017012e-19
5.162121e-20
7.373113e-21
4.697918e-22
4.674176e-23
4.642714e-24
3.338685e-25
2.932977e-26
2.239015e-27
1.810949e-28
5.442243e+04
3.577653e+03
2.529463e+02
2.559753e+01
2.058910e+00
1.902861e-01
1.332241e-02
1.341143e-03
1.085197e-04
5.485846e-06
7.081673e-07
6.525764e-08
5.425965e-09
4.090350e-10
4.101401e-11
3.543304e-12
2.817011e-13
1.929762e-14
1.873672e-15
1.473230e-16
1.259537e-17
8.546774e-19
9.717295e-20
7.245134e-21
6.841636e-22
5.433781e-23
5.136563e-24
4.002700e-25
2.969031e-26
3.621851e-27
2.397993e-28
6.049468e+04
3.959479e+03
3.367608e+02
2.652736e+01
2.060867e+00
1.865204e-01
1.453062e-02
9.751236e-04
1.291924e-04
1.200911e-05
1.097449e-06
7.688669e-08
5.906629e-09
5.303059e-10
4.005489e-11
3.135398e-12
2.987649e-13
2.483278e-14
1.795364e-15
1.463771e-16
1.094166e-17
1.087059e-18
7.784630e-20
5.984682e-21
5.169911e-22
3.704447e-23
1.703864e-24
2.230788e-25
2.142612e-26
1.585252e-27
1.526380e-28
5.833756e+04
3.443694e+03
2.270068e+02
2.122519e+01
1.608257e+00
8.824082e-02
8.902463e-03
7.774492e-04
7.546026e-05
4.599571e-06
4.301187e-07
3.535676e-08
2.638521e-09
1.889556e-10
1.631384e-11
1.287863e-12
1.047740e-13
8.090707e-15
6.439688e-16
5.989652e-17
4.942205e-18
4.074861e-19
2.609425e-20
2.728433e-21
2.224120e-22
1.417788e-23
1.142381e-24
9.860103e-26
8.697850e-27
6.017752e-28
5.808594e-29
5.590813e+04
3.087433e+03
2.750391e+02
2.294014e+01
1.802898e+00
1.591875e-01
1.199066e-02
8.728671e-04
9.201850e-05
7.197840e-06
5.277627e-07
4.362370e-08
3.914993e-09
2.414201e-10
2.306127e-11
1.652423e-12
1.525822e-13
1.197708e-14
1.016871e-15
7.421759e-17
6.270981e-18
5.703583e-19
4.929262e-20
3.816579e-21
3.406604e-22
3.095995e-23
2.047370e-24
2.054895e-25
1.278121e-26
9.894025e-28
1.011758e-28
5.604574e+04
3.242563e+03
2.475321e+02
2.436851e+01
1.956644e+00
1.565491e-01
1.269666e-02
1.013240e-03
7.596760e-05
7.035833e-06
5.815888e-07
3.801179e-08
3.144146e-09
1.820786e-10
2.325323e-11
2.058919e-12
1.513582e-13
1.182404e-14
9.839822e-16
9.550674e-17
8.676940e-18
5.969141e-19
5.167261e-20
4.303311e-21
3.483077e-22
2.875835e-23
1.946876e-24
1.686793e-25
1.295916e-26
1.324184e-27
7.805991e-29
4.434943e+04
2.430416e+03
2.389463e+02
1.982900e+01
1.681015e+00
1.215385e-01
9.255591e-03
8.789015e-04
5.718434e-05
5.890106e-06
4.790878e-07
4.714989e-08
2.154726e-09
2.830252e-10
2.403384e-11
2.070705e-12
2.125061e-13
1.720131e-14
1.356250e-15
9.148293e-17
6.423785e-18
6.908132e-19
4.879585e-20
5.161921e-21
4.558543e-22
3.610969e-23
3.417428e-24
2.500656e-25
2.146431e-26
9.550402e-28
1.334869e-28
4.893580e+04
3.564067e+03
2.868673e+02
2.387845e+01
1.842096e+00
1.255388e-01
1.057093e-02
1.023752e-03
7.892823e-05
6.235620e-06
5.054821e-07
4.310141e-08
3.194557e-09
2.947986e-10
2.244232e-11
1.577279e-12
1.391166e-13
1.309494e-14
8.024077e-16
6.216010e-17
7.811921e-18
7.174060e-19
6.887298e-20
5.423227e-21
3.470939e-22
3.218427e-23
2.085968e-24
1.813130e-25
1.518571e-26
1.342807e-27
1.268862e-28
5.375336e+04
4.031255e+03
3.176628e+02
2.424367e+01
1.525534e+00
1.333633e-01
1.486991e-02
9.735306e-04
1.101409e-04
7.704357e-06
7.306866e-07
4.339213e-08
3.529361e-09
2.722348e-10
3.123729e-11
2.498448e-12
1.866127e-13
1.910545e-14
1.360071e-15
1.255901e-16
9.298243e-18
9.469706e-19
8.310101e-20
5.988468e-21
4.773546e-22
3.445519e-23
2.605190e-24
2.632696e-25
2.155357e-26
1.683721e-27
1.009101e-28
6.376342e+04
2.862237e+03
2.581490e+02
1.858671e+01
1.532467e+00
1.520748e-01
1.216230e-02
8.860697e-04
9.059952e-05
5.881819e-06
4.710697e-07
4.700708e-08
2.955418e-09
2.710767e-10
3.066281e-11
1.371086e-12
1.562820e-13
1.440572e-14
1.041477e-15
1.071415e-16
7.669555e-18
6.624798e-19
4.423322e-20
4.533052e-21
3.759522e-22
3.653824e-23
2.684335e-24
2.006358e-25
2.113838e-26
1.571234e-27
1.184413e-28
5.592489e+04
3.361280e+03
2.631176e+02
2.264194e+01
1.979393e+00
1.316973e-01
1.030643e-02
8.295700e-04
6.137826e-05
7.182154e-06
7.646860e-07
4.403879e-08
3.039153e-09
3.616163e-10
2.484359e-11
1.951517e-12
1.565050e-13
1.330438e-14
9.118877e-16
1.056129e-16
8.563390e-18
5.355480e-19
5.192371e-20
4.830383e-21
3.925956e-22
2.906544e-23
2.272094e-24
1.977884e-25
1.754213e-26
1.300511e-27
1.004842e-28
5.758913e+04
3.419417e+03
2.150465e+02
2.151522e+01
2.032297e+00
1.291055e-01
8.909310e-03
7.137016e-04
6.853427e-05
4.772698e-06
4.082366e-07
3.341609e-08
2.718760e-09
1.875016e-10
1.417206e-11
1.096027e-12
1.014866e-13
1.008909e-14
9.502580e-16
6.945221e-17
4.220719e-18
4.546770e-19
3.666497e-20
3.109340e-21
2.289361e-22
2.529131e-23
1.855503e-24
1.284125e-25
1.313428e-26
9.817411e-28
8.551468e-29
5.077378e+04
3.264852e+03
2.658419e+02
2.422933e+01
2.047972e+00
2.014727e-01
1.269263e-02
1.405210e-03
1.481107e-04
8.614994e-06
1.099020e-06
7.705161e-08
5.578453e-09
4.895638e-10
3.943460e-11
3.628919e-12
3.274840e-13
2.433426e-14
1.917302e-15
1.886125e-16
1.172874e-17
1.239246e-18
8.990309e-20
6.277012e-21
5.699975e-22
4.733194e-23
2.376376e-24
2.809285e-25
2.531672e-26
1.865100e-27
1.446356e-28
5.991695e+04
3.558016e+03
3.376853e+02
3.147126e+01
1.836683e+00
2.160212e-01
1.794350e-02
1.108143e-03
1.180904e-04
7.197843e-06
7.919486e-07
6.688189e-08
4.546699e-09
3.915419e-10
3.915763e-11
2.588018e-12
2.229745e-13
1.626199e-14
1.464429e-15
1.355597e-16
1.086097e-17
9.431463e-19
6.197159e-20
6.026672e-21
4.368946e-22
2.549310e-23
2.328366e-24
2.043869e-25
1.795697e-26
9.792477e-28
1.078734e-28
4.937772e+04
3.680255e+03
2.964822e+02
2.164029e+01
1.758054e+00
1.866080e-01
1.410100e-02
1.146377e-03
1.015166e-04
6.806389e-06
6.037470e-07
5.609096e-08
3.736503e-09
3.216354e-10
3.185576e-11
2.528880e-12
1.944533e-13
1.290940e-14
1.001833e-15
7.688797e-17
6.845641e-18
7.626313e-19
5.928295e-20
4.762349e-21
5.187550e-22
3.935762e-23
2.914852e-24
2.187820e-25
1.890591e-26
1.577701e-27
1.538230e-28
5.127144e+04
3.436403e+03
2.606549e+02
2.124012e+01
1.674941e+00
1.278066e-01
1.045049e-02
9.162175e-04
7.687974e-05
7.042565e-06
7.764736e-07
4.870844e-08
4.859132e-09
4.195377e-10
3.067465e-11
2.190263e-12
1.947549e-13
1.418021e-14
1.344754e-15
1.004122e-16
7.600808e-18
6.082648e-19
4.912784e-20
5.004602e-21
3.635391e-22
2.386562e-23
3.129537e-24
2.292058e-25
2.164371e-26
2.002460e-27
1.469837e-28
5.769470e+04
3.853843e+03
2.404205e+02
2.449735e+01
2.078810e+00
1.762422e-01
1.457979e-02
1.567315e-03
9.220310e-05
1.013207e-05
7.309476e-07
8.054306e-08
6.576524e-09
5.381077e-10
3.763797e-11
3.021920e-12
3.101510e-13
2.431833e-14
1.852417e-15
2.056047e-16
1.779861e-17
1.255432e-18
9.324480e-20
8.875257e-21
7.494192e-22
5.969492e-23
3.654446e-24
3.032986e-25
2.608895e-26
2.194850e-27
2.015503e-28
5.831796e+04
2.966290e+03
2.305469e+02
1.753084e+01
1.776327e+00
1.036477e-01
1.045156e-02
9.101660e-04
7.494800e-05
5.931438e-06
5.220049e-07
4.003245e-08
3.029952e-09
1.931296e-10
1.498546e-11
1.510319e-12
1.193501e-13
9.186301e-15
6.718124e-16
5.841123e-17
4.634224e-18
3.806819e-19
3.855977e-20
3.009825e-21
2.676509e-22
2.103069e-23
1.547286e-24
1.214598e-25
1.411461e-26
7.652705e-28
6.216651e-29
5.208079e+04
3.614962e+03
3.415856e+02
2.441384e+01
2.066897e+00
1.777550e-01
1.103139e-02
1.147810e-03
9.034720e-05
9.168243e-06
6.668138e-07
6.304687e-08
4.573351e-09
2.955896e-10
3.336736e-11
2.717938e-12
2.056946e-13
1.964175e-14
1.680104e-15
1.259814e-16
8.639985e-18
6.741948e-19
6.243715e-20
4.588157e-21
2.642995e-22
3.190461e-23
2.643400e-24
2.564317e-25
2.176523e-26
1.710411e-27
1.722306e-28
5.503109e+04
3.623502e+03
3.242228e+02
2.532537e+01
1.623469e+00
1.524151e-01
1.179630e-02
1.192858e-03
9.776299e-05
4.987635e-06
6.261578e-07
4.193200e-08
4.070806e-09
3.323466e-10
2.299697e-11
1.464474e-12
1.171807e-13
1.240456e-14
9.827722e-16
6.408578e-17
7.320570e-18
5.084392e-19
4.479264e-20
3.667150e-21
2.838242e-22
2.312256e-23
1.661554e-24
1.753673e-25
1.520466e-26
1.044130e-27
8.661928e-29
5.267223e+04
3.223594e+03
2.974395e+02
1.880288e+01
1.342611e+00
1.403434e-01
1.391429e-02
1.113770e-03
8.200811e-05
6.917105e-06
3.982519e-07
3.988376e-08
3.150791e-09
2.508491e-10
1.915319e-11
1.326241e-12
1.359167e-13
1.054914e-14
1.029066e-15
8.862863e-17
6.730425e-18
5.891081e-19
3.011254e-20
3.133260e-21
2.362825e-22
1.700306e-23
1.461073e-24
1.282651e-25
1.147166e-26
1.070168e-27
7.283331e-29
5.347340e+04
2.780729e+03
2.714040e+02
2.522190e+01
1.810112e+00
1.651635e-01
1.149707e-02
1.080958e-03
8.570679e-05
3.993515e-06
4.983203e-07
4.086617e-08
3.087134e-09
2.650355e-10
2.043140e-11
1.425701e-12
9.473773e-14
9.306157e-15
7.865948e-16
3.984236e-17
5.438658e-18
3.848092e-19
3.074794e-20
2.385709e-21
2.153957e-22
1.596677e-23
1.316240e-24
1.083046e-25
8.146054e-27
8.087028e-28
5.608797e-29
5.899012e+04
3.502987e+03
2.849577e+02
2.479583e+01
2.054065e+00
1.760888e-01
1.317934e-02
9.246238e-04
8.089141e-05
4.126994e-06
5.444765e-07
4.564940e-08
3.329334e-09
2.998558e-10
2.641395e-11
1.633411e-12
1.354586e-13
1.378639e-14
1.000657e-15
8.740412e-17
8.075030e-18
5.088000e-19
5.661673e-20
4.270201e-21
3.687477e-22
2.706048e-23
3.041328e-24
1.881792e-25
2.132367e-26
1.808874e-27
1.483694e-28
5.771418e+04
3.523299e+03
3.110618e+02
1.945540e+01
1.772279e+00
1.059267e-01
1.472882e-02
7.397490e-04
6.884315e-05
7.816668e-06
6.286306e-07
4.888098e-08
4.685714e-09
3.229972e-10
2.224523e-11
1.886423e-12
1.560727e-13
1.046678e-14
7.438913e-16
8.946903e-17
6.208870e-18
4.657626e-19
3.460136e-20
2.584321e-21
2.921989e-22
2.034723e-23
1.544963e-24
1.366471e-25
1.007539e-26
7.297888e-28
7.575323e-29
5.713448e+04
3.888650e+03
3.675704e+02
2.803063e+01
2.145740e+00
1.934584e-01
1.208937e-02
8.426761e-04
8.502424e-05
9.450809e-06
6.707633e-07
5.369388e-08
3.869408e-09
3.044671e-10
2.466659e-11
2.160283e-12
1.872145e-13
1.554187e-14
1.077693e-15
1.037957e-16
8.310765e-18
7.142213e-19
6.961133e-20
6.470590e-21
4.279832e-22
3.403516e-23
4.417685e-24
2.800111e-25
3.277403e-26
2.146500e-27
2.162270e-28
5.268965e+04
2.833913e+03
2.478280e+02
2.410899e+01
1.954742e+00
1.646959e-01
1.455678e-02
1.027126e-03
7.490559e-05
8.532208e-06
8.765833e-07
6.967920e-08
6.369440e-09
3.984794e-10
3.497667e-11
2.502733e-12
2.662844e-13
1.990831e-14
1.481548e-15
1.067714e-16
1.003207e-17
8.608845e-19
6.567080e-20
6.310026e-21
4.159591e-22
3.985194e-23
2.522035e-24
2.752882e-25
1.613142e-26
1.827466e-27
1.397976e-28
5.855252e+04
3.567652e+03
2.013904e+02
1.306054e+01
1.973717e+00
1.416704e-01
1.290115e-02
9.503353e-04
8.406907e-05
8.038411e-06
5.847624e-07
5.476094e-08
3.616865e-09
4.131194e-10
3.559444e-11
2.633541e-12
2.409560e-13
1.907873e-14
1.484249e-15
9.861341e-17
8.011883e-18
6.866989e-19
5.368624e-20
5.186310e-21
4.658601e-22
3.452257e-23
3.599927e-24
2.440584e-25
2.858754e-26
2.445120e-27
1.868096e-28
4.792246e+04
4.332488e+03
3.026976e+02
2.374453e+01
1.793621e+00
1.164657e-01
1.508546e-02
9.867371e-04
9.654311e-05
7.233298e-06
7.827664e-07
5.914212e-08
5.331856e-09
4.464098e-10
3.830867e-11
2.811102e-12
2.278390e-13
1.720589e-14
1.620508e-15
1.229151e-16
9.919566e-18
7.394599e-19
6.995071e-20
7.646638e-21
5.810982e-22
5.223511e-23
4.500352e-24
2.919694e-25
2.996366e-26
2.535800e-27
1.871118e-28
5.370359e+04
3.481539e+03
2.861409e+02
2.218821e+01
1.615523e+00
2.140706e-01
1.499620e-02
9.467637e-04
1.138718e-04
8.807869e-06
7.271831e-07
7.144936e-08
4.182296e-09
4.338277e-10
3.277868e-11
2.749757e-12
2.383259e-13
1.839529e-14
1.498252e-15
1.200963e-16
8.888234e-18
8.645854e-19
5.041674e-20
6.143834e-21
4.515779e-22
2.932429e-23
2.327904e-24
2.223008e-25
2.061628e-26
1.161064e-27
8.664721e-29
5.223787e+04
3.408941e+03
2.322022e+02
2.153664e+01
1.635392e+00
1.705683e-01
1.051954e-02
1.080811e-03
9.786535e-05
5.757455e-06
4.979707e-07
4.353449e-08
3.735877e-09
3.245711e-10
2.748303e-11
2.329322e-12
1.927621e-13
1.324156e-14
1.142973e-15
9.419399e-17
9.220674e-18
6.933219e-19
5.036935e-20
5.324898e-21
4.184234e-22
2.944813e-23
2.793432e-24
2.604093e-25
1.910877e-26
1.855484e-27
1.452430e-28
5.946645e+04
3.638885e+03
2.528321e+02
2.477456e+01
1.923520e+00
1.625965e-01
1.150223e-02
9.565035e-04
9.288046e-05
7.160976e-06
5.301358e-07
4.837188e-08
4.396808e-09
4.122125e-10
2.789687e-11
2.689194e-12
1.716620e-13
1.578649e-14
1.402597e-15
9.615194e-17
7.414749e-18
7.503950e-19
5.749987e-20
5.652572e-21
6.444011e-22
4.307288e-23
3.912750e-24
2.797944e-25
2.700443e-26
2.123588e-27
1.727639e-28
5.823211e+04
2.551356e+03
2.426344e+02
2.144036e+01
1.542633e+00
1.212040e-01
1.055064e-02
8.024593e-04
4.939851e-05
4.406651e-06
5.067842e-07
3.727643e-08
3.241266e-09
2.535022e-10
1.563858e-11
1.512421e-12
1.535814e-13
1.094636e-14
8.826439e-16
8.354309e-17
5.600275e-18
6.031031e-19
4.437943e-20
2.466540e-21
2.609352e-22
2.509446e-23
1.975779e-24
1.646599e-25
1.366177e-26
1.237541e-27
9.641181e-29
4.954591e+04
3.188789e+03
2.514442e+02
1.417168e+01
1.841512e+00
1.257188e-01
1.083740e-02
9.216982e-04
6.397744e-05
5.816735e-06
5.442102e-07
3.950644e-08
2.947430e-09
2.702636e-10
1.902638e-11
1.389457e-12
1.231658e-13
1.095947e-14
6.782849e-16
6.887847e-17
5.789021e-18
5.726099e-19
3.448306e-20
3.335412e-21
2.363166e-22
2.318834e-23
1.956643e-24
1.299526e-25
1.216684e-26
9.159204e-28
8.538165e-29
4.924462e+04
3.357650e+03
2.674443e+02
2.178850e+01
1.760981e+00
1.557613e-01
1.073889e-02
9.494441e-04
6.580830e-05
5.585236e-06
4.531528e-07
3.427961e-08
4.248921e-09
2.500606e-10
3.146434e-11
2.272438e-12
1.650526e-13
1.412951e-14
1.158202e-15
9.118233e-17
8.344188e-18
5.934650e-19
5.911282e-20
5.347810e-21
3.714480e-22
2.354357e-23
1.957266e-24
2.130780e-25
1.596951e-26
1.493838e-27
1.275264e-28
4.894642e+04
3.401800e+03
2.243445e+02
1.836237e+01
1.694804e+00
1.382354e-01
1.216560e-02
1.066948e-03
7.420405e-05
6.436534e-06
4.616700e-07
4.416280e-08
3.936896e-09
3.226175e-10
2.508397e-11
2.199545e-12
2.516738e-13
1.819678e-14
1.797261e-15
1.434737e-16
1.248090e-17
9.446549e-19
9.091863e-20
5.914017e-21
4.253389e-22
4.332161e-23
3.107404e-24
3.079730e-25
2.392766e-26
1.740462e-27
1.669413e-28
5.308669e+04
2.951039e+03
2.440067e+02
2.133856e+01
1.780421e+00
1.366862e-01
1.011408e-02
9.892161e-04
7.995074e-05
5.941456e-06
4.794493e-07
4.076289e-08
3.826399e-09
2.532303e-10
1.648823e-11
1.468523e-12
1.090314e-13
9.477275e-15
7.963686e-16
7.431448e-17
6.128883e-18
4.408204e-19
3.313300e-20
2.518664e-21
2.732209e-22
2.264279e-23
1.858095e-24
1.586027e-25
1.443586e-26
1.008192e-27
8.502586e-29
5.252688e+04
3.223511e+03
3.208447e+02
2.437424e+01
2.082141e+00
1.631783e-01
1.378771e-02
1.069068e-03
9.238438e-05
7.170854e-06
7.774829e-07
7.644755e-08
5.046268e-09
4.260425e-10
3.143081e-11
3.539361e-12
3.001229e-13
2.136452e-14
1.543914e-15
1.438356e-16
1.457756e-17
1.073063e-18
9.249492e-20
7.028223e-21
6.609406e-22
5.337024e-23
4.563456e-24
3.387517e-25
3.322460e-26
2.740235e-27
2.197311e-28
5.550216e+04
3.167353e+03
2.535175e+02
2.461521e+01
1.615497e+00
1.210182e-01
1.410721e-02
1.087572e-03
8.115610e-05
6.304922e-06
6.320233e-07
5.717627e-08
4.352682e-09
2.963176e-10
2.944490e-11
2.198738e-12
1.863256e-13
1.766423e-14
1.438328e-15
8.496652e-17
9.127491e-18
8.743049e-19
3.494073e-20
4.940976e-21
4.446308e-22
4.283449e-23
3.599317e-24
3.683625e-25
3.090342e-26
2.492630e-27
2.294846e-28
5.218567e+04
3.214738e+03
1.932839e+02
2.208667e+01
1.353831e+00
1.362867e-01
1.146379e-02
8.483237e-04
6.444948e-05
7.335629e-06
5.685801e-07
4.075062e-08
3.879057e-09
3.031940e-10
2.301699e-11
1.355848e-12
1.409284e-13
1.136065e-14
8.790897e-16
5.291069e-17
5.888311e-18
5.430646e-19
4.342290e-20
2.588362e-21
2.668039e-22
2.633753e-23
2.119229e-24
2.014806e-25
1.467572e-26
1.558902e-27
1.355923e-28
5.862558e+04
2.992170e+03
2.588735e+02
2.093668e+01
1.821238e+00
1.706475e-01
1.257295e-02
1.006963e-03
9.671848e-05
7.896513e-06
8.922490e-07
5.482399e-08
6.408388e-09
3.873128e-10
4.923542e-11
3.495594e-12
3.294880e-13
2.599768e-14
2.389613e-15
1.980113e-16
1.570383e-17
1.097209e-18
1.050207e-19
8.319299e-21
6.895556e-22
4.815745e-23
4.888265e-24
3.103814e-25
2.776758e-26
1.991325e-27
2.014407e-28
5.334966e+04
2.908546e+03
2.545995e+02
2.056911e+01
1.635100e+00
1.040640e-01
9.500222e-03
8.576318e-04
9.176260e-05
5.279244e-06
4.353350e-07
3.922726e-08
2.100752e-09
2.206932e-10
1.797765e-11
1.782677e-12
1.879864e-13
9.656771e-15
9.112914e-16
6.654906e-17
5.329275e-18
4.581241e-19
3.507672e-20
2.324475e-21
2.128351e-22
1.655089e-23
1.701724e-24
1.452481e-25
9.346020e-27
7.917767e-28
7.384188e-29
5.382031e+04
3.195368e+03
2.818625e+02
2.432990e+01
1.716586e+00
1.330951e-01
1.236461e-02
1.474758e-03
9.932293e-05
9.358204e-06
7.375465e-07
7.143213e-08
5.996849e-09
4.935497e-10
4.251969e-11
3.023819e-12
3.216714e-13
2.181200e-14
1.987731e-15
1.196462e-16
1.079438e-17
9.135592e-19
9.368520e-20
7.906225e-21
6.670722e-22
4.874014e-23
3.960973e-24
2.932104e-25
3.152896e-26
2.176914e-27
2.204003e-28
5.573687e+04
3.474902e+03
2.675023e+02
2.066792e+01
1.600319e+00
1.047348e-01
1.152223e-02
7.883535e-04
8.334650e-05
6.391596e-06
4.953247e-07
4.031389e-08
4.074585e-09
2.894529e-10
2.391226e-11
1.803001e-12
1.743473e-13
1.404938e-14
1.016496e-15
8.269481e-17
8.931899e-18
6.494503e-19
6.182726e-20
5.766373e-21
3.863392e-22
3.459367e-23
2.226867e-24
2.100876e-25
1.951944e-26
1.528106e-27
1.151840e-28
5.641815e+04
3.386237e+03
2.456726e+02
2.688395e+01
2.202998e+00
1.479803e-01
1.231796e-02
8.085531e-04
7.242858e-05
4.739278e-06
4.401369e-07
4.209832e-08
3.687190e-09
2.837362e-10
2.179434e-11
1.869921e-12
1.263472e-13
8.919030e-15
7.889558e-16
6.282559e-17
5.694538e-18
5.045578e-19
3.870854e-20
3.658159e-21
2.647166e-22
2.216956e-23
1.867930e-24
1.591713e-25
1.498415e-26
1.139614e-27
1.055889e-28
5.959516e+04
2.804720e+03
2.660821e+02
2.622847e+01
2.127006e+00
1.680860e-01
1.395440e-02
9.334151e-04
9.468364e-05
6.705492e-06
6.219361e-07
4.217889e-08
4.710085e-09
2.959640e-10
3.082865e-11
2.623273e-12
1.650409e-13
1.670530e-14
1.345485e-15
1.101123e-16
1.071727e-17
7.912393e-19
5.383929e-20
3.960336e-21
4.075064e-22
3.465745e-23
2.630685e-24
2.354367e-25
1.655898e-26
1.705358e-27
1.067475e-28
5.200871e+04
3.178653e+03
2.615539e+02
2.369779e+01
1.783541e+00
1.833303e-01
1.238225e-02
1.081689e-03
9.963067e-05
8.482657e-06
5.916084e-07
3.387198e-08
3.866607e-09
3.309008e-10
3.222164e-11
2.580320e-12
1.894297e-13
1.569278e-14
9.977060e-16
9.972199e-17
8.356786e-18
7.669278e-19
5.940812e-20
4.361015e-21
3.120324e-22
2.805122e-23
2.525280e-24
1.991598e-25
1.553953e-26
1.184237e-27
1.179502e-28
